<?php

declare(strict_types=1);

namespace Sunaoka\Damm\Order;

use Sunaoka\Damm\OrderInterface;

class Order24 implements OrderInterface
{
    public function quasigroup(): array
    {
        return [
            [ 0,  2,  4,  6,  3,  1,  7,  5,  8, 10, 12, 14, 11,  9, 15, 13, 16, 18, 20, 22, 19, 17, 23, 21],
            [ 2,  0,  6,  4,  1,  3,  5,  7, 10,  8, 14, 12,  9, 11, 13, 15, 18, 16, 22, 20, 17, 19, 21, 23],
            [ 4,  6,  0,  2,  7,  5,  3,  1, 12, 14,  8, 10, 15, 13, 11,  9, 20, 22, 16, 18, 23, 21, 19, 17],
            [ 6,  4,  2,  0,  5,  7,  1,  3, 14, 12, 10,  8, 13, 15,  9, 11, 22, 20, 18, 16, 21, 23, 17, 19],
            [ 3,  1,  7,  5,  0,  2,  4,  6, 11,  9, 15, 13,  8, 10, 12, 14, 19, 17, 23, 21, 16, 18, 20, 22],
            [ 1,  3,  5,  7,  2,  0,  6,  4,  9, 11, 13, 15, 10,  8, 14, 12, 17, 19, 21, 23, 18, 16, 22, 20],
            [ 7,  5,  3,  1,  4,  6,  0,  2, 15, 13, 11,  9, 12, 14,  8, 10, 23, 21, 19, 17, 20, 22, 16, 18],
            [ 5,  7,  1,  3,  6,  4,  2,  0, 13, 15,  9, 11, 14, 12, 10,  8, 21, 23, 17, 19, 22, 20, 18, 16],
            [16, 18, 20, 22, 19, 17, 23, 21,  0,  2,  4,  6,  3,  1,  7,  5,  8, 10, 12, 14, 11,  9, 15, 13],
            [18, 16, 22, 20, 17, 19, 21, 23,  2,  0,  6,  4,  1,  3,  5,  7, 10,  8, 14, 12,  9, 11, 13, 15],
            [20, 22, 16, 18, 23, 21, 19, 17,  4,  6,  0,  2,  7,  5,  3,  1, 12, 14,  8, 10, 15, 13, 11,  9],
            [22, 20, 18, 16, 21, 23, 17, 19,  6,  4,  2,  0,  5,  7,  1,  3, 14, 12, 10,  8, 13, 15,  9, 11],
            [19, 17, 23, 21, 16, 18, 20, 22,  3,  1,  7,  5,  0,  2,  4,  6, 11,  9, 15, 13,  8, 10, 12, 14],
            [17, 19, 21, 23, 18, 16, 22, 20,  1,  3,  5,  7,  2,  0,  6,  4,  9, 11, 13, 15, 10,  8, 14, 12],
            [23, 21, 19, 17, 20, 22, 16, 18,  7,  5,  3,  1,  4,  6,  0,  2, 15, 13, 11,  9, 12, 14,  8, 10],
            [21, 23, 17, 19, 22, 20, 18, 16,  5,  7,  1,  3,  6,  4,  2,  0, 13, 15,  9, 11, 14, 12, 10,  8],
            [ 8, 10, 12, 14, 11,  9, 15, 13, 16, 18, 20, 22, 19, 17, 23, 21,  0,  2,  4,  6,  3,  1,  7,  5],
            [10,  8, 14, 12,  9, 11, 13, 15, 18, 16, 22, 20, 17, 19, 21, 23,  2,  0,  6,  4,  1,  3,  5,  7],
            [12, 14,  8, 10, 15, 13, 11,  9, 20, 22, 16, 18, 23, 21, 19, 17,  4,  6,  0,  2,  7,  5,  3,  1],
            [14, 12, 10,  8, 13, 15,  9, 11, 22, 20, 18, 16, 21, 23, 17, 19,  6,  4,  2,  0,  5,  7,  1,  3],
            [11,  9, 15, 13,  8, 10, 12, 14, 19, 17, 23, 21, 16, 18, 20, 22,  3,  1,  7,  5,  0,  2,  4,  6],
            [ 9, 11, 13, 15, 10,  8, 14, 12, 17, 19, 21, 23, 18, 16, 22, 20,  1,  3,  5,  7,  2,  0,  6,  4],
            [15, 13, 11,  9, 12, 14,  8, 10, 23, 21, 19, 17, 20, 22, 16, 18,  7,  5,  3,  1,  4,  6,  0,  2],
            [13, 15,  9, 11, 14, 12, 10,  8, 21, 23, 17, 19, 22, 20, 18, 16,  5,  7,  1,  3,  6,  4,  2,  0],
        ];
    }
}
